3,6
3,5
3,4
3,2
3,3
1,2
4,3
428,5
428,4
428,3
428,2
428,1
425,5
425,4
425,3
425,2
425,1
422,4
422,3
422,2
422,1
420,4
420,3
420,2
420,1
418,3
418,2
418,1
417,4
417,3
417,2
417,1
415,4
415,3
415,2
415,1
413,3
413,2
413,1
412,3
412,2
412,1
411,5
411,4
411,3
411,2
411,1
410,4
410,3
410,2
410,1
409,3
409,2
409,1
407,3
407,2
407,1
2,5
2,4
2,3
2,2
2,0
1,3
0,410
0,324
0,243
0,9
0,0
0,1
0,433
0,300
0,422
0,299
0,432
0,298
0,421
0,297
0,420
0,296
0,431
0,295
0,419
0,294
0,430
0,293
0,418
0,292
0,417
0,291
0,416
0,290
0,415
0,289
0,414
0,288
0,437
0,287
0,392
0,286
0,436
0,285
0,391
0,284
0,283
0,389
0,282
0,413
0,281
0,388
0,280
0,387
0,279
0,412
0,278
0,386
0,277
0,385
0,276
0,384
0,275
0,383
0,274
0,382
0,273
0,381
0,272
0,380
0,271
0,314
0,270
0,427
0,269
0,378
0,268
0,322
0,267
0,318
0,266
0,399
0,265
0,409
0,264
0,370
0,263
0,262
0,374
0,261
0,450
0,260
0,259
0,258
0,320
0,257
0,398
0,256
0,369
0,255
0,335
0,254
0,332
0,253
0,367
0,252
0,366
0,251
0,365
0,250
0,364
0,249
0,321
0,248
0,247
0,405
0,246
0,362
0,245
0,244
0,360
0,242
0,444
0,241
0,358
0,240
0,239
0,440
0,238
0,429
0,237
0,356
0,236
0,330
0,235
0,449
0,234
0,353
0,233
0,232
0,351
0,231
0,350
0,230
0,349
0,229
0,348
0,228
0,347
0,227
0,346
0,226
0,225
0,344
0,224
0,425
0,223
0,403
0,222
0,428
0,221
0,402
0,220
0,401
0,219
0,343
0,218
0,453
0,217
0,341
0,216
0,340
0,215
0,434
0,214
0,452
0,213
0,448
0,212
0,451
0,211
0,329
0,210
0,397
0,209
0,317
0,208
0,426
0,207
0,379
0,206
0,411
0,205
0,396
0,204
0,316
0,203
0,407
0,202
0,376
0,201
0,319
0,200
0,393
0,199
0,326
0,198
0,325
0,197
0,377
0,196
0,313
0,195
0,447
0,194
0,375
0,193
0,368
0,192
0,355
0,63
0,445
0,62
0,336
0,61
0,60
0,443
0,59
0,328
0,58
0,442
0,57
0,308
0,56
0,311
0,55
0,406
0,54
0,53
0,438
0,52
0,51
0,424
0,50
0,423
0,49
0,310
0,48
0,327
0,47
0,323
0,46
0,307
0,45
0,301
0,6
0,5
0,304
0,303
0,306
0,305
0,302
0,12
0,10
0,8
0,11
0,4
0,2
0,3
0,7
428,0
425,0
422,0
420,0
418,0
417,0
415,0
413,0
412,0
411,0
410,0
409,0
407,0
